# 2024-07-12 11:04:50.990
1290 430 144 16 2 0 2.454
1290 430 144 16 2 0 2.082
1338 446 156 18 4 0 2.077
1338 446 156 18 4 0 2.077
1338 446 156 18 4 0 2.087
1380 460 168 22 4 0 2.067
1338 446 168 20 4 0 2.072
1386 462 172 20 2 0 2.053
1410 470 176 18 2 0 2.067
1458 486 188 20 4 0 2.067
1440 480 190 20 4 0 2.072
1482 494 196 20 4 0 2.063
1470 490 204 18 4 0 2.058
1554 518 222 14 4 0 2.067
1542 514 216 12 2 0 2.067
1488 496 202 8 2 0 2.077
1500 500 204 10 2 0 2.067
1476 492 200 10 2 0 2.063
1476 492 200 10 2 0 2.077
1476 492 200 10 2 0 2.082
1482 494 206 16 2 0 2.077
1482 494 206 16 2 0 2.087
1482 494 206 16 2 0 2.087
1524 508 214 14 0 0 2.092
1524 508 214 14 0 0 2.087
1524 508 214 14 0 0 2.092
1476 492 212 14 0 0 2.082
1476 492 212 14 0 0 2.097
1476 492 212 14 0 0 2.107
1416 472 210 16 0 0 2.102
1416 472 210 16 0 0 2.102
1416 472 210 16 0 0 2.107
1416 472 208 18 2 0 2.072
1416 472 208 18 2 0 2.170
1416 472 208 18 2 0 2.111
1338 446 196 18 2 0 2.092
1338 446 196 18 2 0 2.102
1338 446 196 18 2 0 2.111
1338 446 206 20 2 0 2.107
1338 446 206 20 2 0 2.107
1338 446 206 20 2 0 2.111
1338 446 200 18 2 0 2.102
1338 446 200 18 2 0 2.107
1338 446 200 18 2 0 2.126
1416 472 198 18 2 0 2.111
1416 472 198 18 2 0 2.116
1416 472 198 18 2 0 2.131
1374 458 184 16 2 0 2.126
1374 458 184 16 2 0 2.121
1374 458 184 16 2 0 2.155
1326 442 166 10 2 0 2.146
1326 442 166 10 2 0 2.170
1326 442 166 10 2 0 2.160
1212 404 146 8 2 0 2.141
1212 404 146 8 2 0 2.136
1212 404 146 8 2 0 2.141
1182 394 142 8 2 0 2.131
1182 394 142 8 2 0 2.141
1182 394 142 8 2 0 2.160
1176 392 140 6 2 0 2.151
1176 392 140 6 2 0 2.180
1176 392 140 6 2 0 2.190
1182 394 132 4 0 0 2.190
1182 394 132 4 0 0 2.195
1182 394 132 4 0 0 2.199
1170 390 132 6 2 0 2.190
1170 390 132 6 2 0 2.204
1170 390 132 6 2 0 2.195
1122 374 118 4 2 0 2.195
1122 374 118 4 2 0 2.214
1122 374 118 4 2 0 2.214
1116 372 124 4 2 0 2.204
1116 372 124 4 2 0 2.214
1116 372 124 4 2 0 2.219
1056 352 130 2 2 0 2.160
1056 352 130 2 2 0 2.155
1056 352 130 2 2 0 2.155
1050 350 142 4 2 0 2.141
1050 350 142 4 2 0 2.155
1050 350 142 4 2 0 2.151
1074 358 146 4 2 0 2.136
1074 358 146 4 2 0 2.141
1074 358 146 4 2 0 2.146
1062 354 150 4 2 0 2.136
1062 354 150 4 2 0 2.146
1062 354 150 4 2 0 2.151
1092 364 150 4 2 0 2.146
1092 364 150 4 2 0 2.155
1092 364 150 4 2 0 2.165
1140 380 152 6 2 0 2.151
1140 380 152 6 2 0 2.160
1140 380 152 6 2 0 2.160
1182 394 158 8 2 0 2.160
1182 394 158 8 2 0 2.170
1182 394 158 8 2 0 2.175
1152 384 154 6 0 0 2.165
1152 384 154 6 0 0 2.175
1152 384 154 6 0 0 2.180
1260 420 162 6 0 0 2.160
1260 420 162 6 0 0 2.141
1260 420 162 6 0 0 2.131
1230 410 150 6 0 0 2.136
1230 410 150 6 0 0 2.155
1230 410 150 6 0 0 2.160
1296 432 150 8 0 0 2.141
1326 442 158 8 0 0 2.141
1350 450 164 8 0 0 2.131
1362 454 162 8 0 0 2.116
1356 452 166 10 0 0 2.116
1308 436 164 8 0 0 2.116
1242 414 158 8 0 0 2.121
1290 430 164 8 0 0 2.107
1212 404 162 8 0 0 2.116
1206 402 168 12 0 0 2.116
1158 386 170 10 0 0 2.126
1128 376 154 8 0 0 2.131
1080 360 154 8 0 0 2.136
1080 360 154 8 0 0 2.151
1080 360 154 8 0 0 2.155
1074 358 154 8 0 0 2.155
1074 358 154 8 0 0 2.165
1074 358 154 8 0 0 2.170
1074 358 160 8 0 0 2.165
1074 358 160 8 0 0 2.180
1074 358 160 8 0 0 2.185
1122 374 162 12 2 0 2.175
1122 374 162 12 2 0 2.195
1122 374 162 12 2 0 2.195
1140 380 164 12 2 0 2.195
1140 380 164 12 2 0 2.199
1140 380 164 12 2 0 2.204
1116 372 158 12 2 0 2.195
1116 372 158 12 2 0 2.209
1116 372 158 12 2 0 2.224
1098 366 156 12 2 0 2.209
1098 366 156 12 2 0 2.214
1098 366 156 12 2 0 2.204
1176 392 160 10 2 0 2.190
1176 392 160 10 2 0 2.209
1176 392 160 10 2 0 2.229
1146 382 154 10 2 0 2.214
1146 382 154 10 2 0 2.239
1146 382 154 10 2 0 2.243
1158 386 166 10 2 0 2.234
1158 386 166 10 2 0 2.204
1158 386 166 10 2 0 2.185
1122 374 160 10 2 0 2.146
1122 374 160 10 2 0 2.151
1122 374 160 10 2 0 2.165
1206 402 166 10 2 0 2.141
1206 402 166 10 2 0 2.180
1206 402 166 10 2 0 2.199
1242 414 158 8 2 0 2.219
1242 414 158 8 2 0 2.239
1242 414 158 8 2 0 2.268
1206 402 164 8 0 0 2.248
1206 402 164 8 0 0 2.283
1206 402 164 8 0 0 2.287
1206 402 156 6 0 0 2.268
1206 402 156 6 0 0 2.287
1206 402 156 6 0 0 2.287
1194 398 152 6 0 0 2.273
1194 398 152 6 0 0 2.287
1194 398 152 6 0 0 2.302
1194 398 148 6 0 0 2.278
1194 398 148 6 0 0 2.302
1194 398 148 6 0 0 2.302
1194 398 144 4 0 0 2.297
1194 398 144 4 0 0 2.307
1194 398 144 4 0 0 2.307
1266 422 154 4 0 0 2.287
1266 422 154 4 0 0 2.297
1266 422 154 4 0 0 2.292
1314 438 156 6 0 0 2.273
1314 438 156 6 0 0 2.292
1314 438 156 6 0 0 2.287
1344 448 154 6 0 0 2.229
1344 448 154 6 0 0 2.219
1344 448 154 6 0 0 2.234
1272 424 146 6 0 0 2.209
1272 424 146 6 0 0 2.219
1272 424 146 6 0 0 2.219
1236 412 146 6 0 0 2.214
1236 412 146 6 0 0 2.224
1236 412 146 6 0 0 2.234
1278 426 154 4 0 0 2.229
1278 426 154 4 0 0 2.243
1278 426 154 4 0 0 2.258
1272 424 154 4 0 0 2.234
1272 424 154 4 0 0 2.258
1272 424 154 4 0 0 2.258
1224 408 158 6 2 0 2.263
1224 408 158 6 2 0 2.239
1224 408 158 6 2 0 2.229
1266 422 164 6 2 0 2.204
1266 422 164 6 2 0 2.229
1266 422 164 6 2 0 2.219
1224 408 164 6 2 0 2.219
1224 408 164 6 2 0 2.239
1224 408 164 6 2 0 2.243
1122 374 148 8 2 0 2.229
1122 374 148 8 2 0 2.239
1122 374 148 8 2 0 2.258
1062 354 140 10 2 0 2.234
1062 354 140 10 2 0 2.234
1062 354 140 10 2 0 2.248
1122 374 146 12 2 0 2.253
1122 374 146 12 2 0 2.268
1122 374 146 12 2 0 2.268
1146 382 158 12 2 0 2.239
1146 382 158 12 2 0 2.234
1146 382 158 12 2 0 2.258
1152 384 158 12 2 0 2.209
1152 384 158 12 2 0 2.199
1152 384 158 12 2 0 2.204
1068 356 134 10 2 0 2.199
1068 356 134 10 2 0 2.219
1068 356 134 10 2 0 2.224
1056 352 140 10 2 0 2.209
1056 352 140 10 2 0 2.224
1056 352 140 10 2 0 2.214
1116 372 140 8 0 0 2.214
1116 372 140 8 0 0 2.224
1116 372 140 8 0 0 2.234
1152 384 138 8 0 0 2.219
1152 384 138 8 0 0 2.234
1152 384 138 8 0 0 2.239
1134 378 136 12 0 0 2.224
1134 378 136 12 0 0 2.224
1134 378 136 12 0 0 2.224
1152 384 140 10 0 0 2.224
1152 384 140 10 0 0 2.224
1152 384 140 10 0 0 2.224
1140 380 138 10 2 0 2.214
1140 380 138 10 2 0 2.243
1140 380 138 10 2 0 2.253
1074 358 130 8 2 0 2.243
1074 358 130 8 2 0 2.253
1074 358 130 8 2 0 2.263
1032 344 122 8 2 0 2.258
1032 344 122 8 2 0 2.273
1032 344 122 8 2 0 2.278
1014 338 122 10 2 0 2.258
1014 338 122 10 2 0 2.292
1014 338 122 10 2 0 2.297
1104 368 148 12 2 0 2.292
1104 368 148 12 2 0 2.297
1104 368 148 12 2 0 2.307
1116 372 144 16 2 0 2.283
1116 372 144 16 2 0 2.302
1116 372 144 16 2 0 2.302
1092 364 136 16 2 0 2.283
1092 364 136 16 2 0 2.297
1092 364 136 16 2 0 2.287
1080 360 148 16 2 0 2.273
1080 360 148 16 2 0 2.283
1080 360 148 16 2 0 2.302
1110 370 158 12 2 0 2.278
1110 370 158 12 2 0 2.292
1110 370 158 12 2 0 2.287
1080 360 150 12 2 0 2.278
1080 360 150 12 2 0 2.278
1080 360 150 12 2 0 2.287
1128 376 158 8 0 0 2.268
1128 376 158 8 0 0 2.278
1128 376 158 8 0 0 2.283
1146 382 170 10 0 0 2.258
1146 382 170 10 0 0 2.268
1146 382 170 10 0 0 2.253
1206 402 174 10 0 0 2.268
1206 402 174 10 0 0 2.273
1206 402 174 10 0 0 2.283
1254 418 174 8 0 0 2.268
1254 418 174 8 0 0 2.287
1254 418 174 8 0 0 2.283
1272 424 166 8 0 0 2.268
1272 424 166 8 0 0 2.273
1272 424 166 8 0 0 2.273
1230 410 160 4 0 0 2.258
1224 408 168 4 0 0 2.258
1182 394 156 8 2 0 2.243
1236 412 152 10 2 0 2.253
1302 434 166 10 2 0 2.234
1278 426 156 10 2 0 2.253
1254 418 150 8 2 0 2.253
1230 410 154 8 2 0 2.263
1200 400 154 10 2 0 2.283
1146 382 146 8 2 0 2.258
1176 392 158 10 2 0 2.273
1188 396 160 12 2 0 2.258
1170 390 160 10 0 0 2.258
1170 390 160 10 0 0 2.273
1170 390 160 10 0 0 2.273
1080 360 156 10 0 0 2.253
1080 360 156 10 0 0 2.268
1080 360 156 10 0 0 2.234
1026 342 148 10 0 0 2.199
1026 342 148 10 0 0 2.204
1026 342 148 10 0 0 2.234
1026 342 152 10 0 0 2.219
1026 342 152 10 0 0 2.243
1026 342 152 10 0 0 2.248
1026 342 152 12 2 0 2.243
1026 342 152 12 2 0 2.253
1026 342 152 12 2 0 2.253
1020 340 144 12 2 0 2.224
1020 340 144 12 2 0 2.229
1020 340 144 12 2 0 2.234
1026 342 140 10 2 0 2.199
1026 342 140 10 2 0 2.195
1026 342 140 10 2 0 2.190
1044 348 142 12 2 0 2.185
1044 348 142 12 2 0 2.199
1044 348 142 12 2 0 2.219
1068 356 144 10 2 0 2.204
1068 356 144 10 2 0 2.204
1068 356 144 10 2 0 2.195
1098 366 146 10 2 0 2.185
1098 366 146 10 2 0 2.199
1098 366 146 10 2 0 2.204
1110 370 146 8 2 0 2.195
1110 370 146 8 2 0 2.204
1110 370 146 8 2 0 2.219
1098 366 146 8 2 0 2.199
1098 366 146 8 2 0 2.214
1098 366 146 8 2 0 2.214
1128 376 150 8 2 0 2.204
1128 376 150 8 2 0 2.219
1128 376 150 8 2 0 2.229
1110 370 150 8 2 0 2.214
1110 370 150 8 2 0 2.219
1110 370 150 8 2 0 2.219
1122 374 152 8 0 0 2.204
1122 374 152 8 0 0 2.219
1122 374 152 8 0 0 2.214
1092 364 146 8 0 0 2.209
1092 364 146 8 0 0 2.214
1092 364 146 8 0 0 2.219
1116 372 156 10 0 0 2.190
1116 372 156 10 0 0 2.190
1116 372 156 10 0 0 2.195
1026 342 146 8 0 0 2.199
1002 334 134 8 0 0 2.180
954 318 124 6 0 0 2.195
912 304 122 6 0 0 2.185
942 314 124 4 0 0 2.180
912 304 126 6 0 0 2.190
900 300 116 6 0 0 2.185
936 312 120 4 0 0 2.199
990 330 122 4 0 0 2.180
912 304 116 2 0 0 2.180
948 316 122 6 2 0 2.180
954 318 130 6 2 0 2.180
936 312 130 6 2 0 2.185
936 312 130 6 2 0 2.175
936 312 130 6 2 0 2.190
1020 340 142 6 2 0 2.185
1020 340 142 6 2 0 2.195
1020 340 142 6 2 0 2.185
1074 358 140 6 2 0 2.180
1074 358 140 6 2 0 2.199
1074 358 140 6 2 0 2.204
1104 368 128 4 2 0 2.195
1104 368 128 4 2 0 2.199
1104 368 128 4 2 0 2.214
1104 368 136 4 2 0 2.190
1104 368 136 4 2 0 2.199
1104 368 136 4 2 0 2.199
1062 354 134 4 2 0 2.195
1062 354 134 4 2 0 2.195
1062 354 134 4 2 0 2.199
1080 360 148 4 2 0 2.190
1080 360 148 4 2 0 2.199
1080 360 148 4 2 0 2.214
1110 370 150 4 2 0 2.195
1110 370 150 4 2 0 2.214
1110 370 150 4 2 0 2.214
1140 380 156 2 0 0 2.209
1140 380 156 2 0 0 2.219
1140 380 156 2 0 0 2.229
1128 376 154 2 0 0 2.219
1128 376 154 2 0 0 2.234
1128 376 154 2 0 0 2.229
1176 392 164 4 0 0 2.214
1176 392 164 4 0 0 2.219
1176 392 164 4 0 0 2.224
1188 396 166 4 0 0 2.209
1188 396 166 4 0 0 2.219
1188 396 166 4 0 0 2.229
1122 374 168 4 0 0 2.209
1122 374 168 4 0 0 2.219
1122 374 168 4 0 0 2.224
1164 388 176 8 0 0 2.209
1164 388 176 8 0 0 2.219
1164 388 176 8 0 0 2.229
1260 420 178 8 0 0 2.214
1260 420 178 8 0 0 2.234
1260 420 178 8 0 0 2.229
1236 412 162 8 0 0 2.204
1236 412 162 8 0 0 2.219
1236 412 162 8 0 0 2.214
1188 396 154 8 0 0 2.190
1188 396 154 8 0 0 2.185
1188 396 154 8 0 0 2.204
1260 420 166 8 0 0 2.175
1260 420 166 8 0 0 2.195
1260 420 166 8 0 0 2.199
1206 402 154 6 0 0 2.195
1206 402 154 6 0 0 2.199
1206 402 154 6 0 0 2.199
1194 398 154 6 0 0 2.195
1194 398 154 6 0 0 2.204
1194 398 154 6 0 0 2.214
1146 382 146 4 0 0 2.195
1146 382 146 4 0 0 2.185
1146 382 146 4 0 0 2.151
1116 372 138 4 0 0 2.111
1116 372 138 4 0 0 2.111
1116 372 138 4 0 0 2.116
1140 380 158 6 0 0 2.102
1140 380 158 6 0 0 2.111
1140 380 158 6 0 0 2.121
1098 366 150 2 0 0 2.126
1020 340 148 6 2 0 2.116
1050 350 156 6 2 0 2.126
1110 370 164 6 2 0 2.116
1050 350 154 6 2 0 2.126
1050 350 156 6 2 0 2.131
1068 356 150 6 2 0 2.136
1068 356 142 6 2 0 2.146
1050 350 144 6 2 0 2.141
1044 348 126 4 2 0 2.151
1032 344 144 6 2 0 2.146
1068 356 152 4 0 0 2.141
1128 376 158 6 0 0 2.151
1128 376 158 6 0 0 2.160
1128 376 158 6 0 0 2.146
1062 354 148 10 0 0 2.160
1062 354 148 10 0 0 2.180
1062 354 148 10 0 0 2.195
1068 356 150 10 0 0 2.180
1068 356 150 10 0 0 2.199
1068 356 150 10 0 0 2.199
1098 366 158 10 0 0 2.180
1098 366 158 10 0 0 2.190
1098 366 158 10 0 0 2.199
1098 366 160 10 0 0 2.195
1098 366 160 10 0 0 2.199
1098 366 160 10 0 0 2.195
1140 380 166 10 0 0 2.170
1140 380 166 10 0 0 2.170
1140 380 166 10 0 0 2.126
1128 376 160 10 0 0 2.121
1128 376 160 10 0 0 2.136
1128 376 160 10 0 0 2.155
1140 380 166 10 0 0 2.136
1140 380 166 10 0 0 2.146
1140 380 166 10 0 0 2.151
1116 372 148 8 0 0 2.146
1116 372 148 8 0 0 2.155
1116 372 148 8 0 0 2.160
1086 362 144 10 0 0 2.151
1086 362 144 10 0 0 2.165
1086 362 144 10 0 0 2.165
1014 338 142 8 0 0 2.165
1014 338 142 8 0 0 2.151
1014 338 142 8 0 0 2.160
1014 338 138 4 0 0 2.160
1014 338 138 4 0 0 2.146
1014 338 138 4 0 0 2.102
972 324 126 4 0 0 2.126
972 324 126 4 0 0 2.136
972 324 126 4 0 0 2.141
1020 340 126 4 0 0 2.136
1020 340 126 4 0 0 2.136
1020 340 126 4 0 0 2.170
1032 344 130 4 0 0 2.190
1032 344 130 4 0 0 2.214
1032 344 130 4 0 0 2.234
990 330 136 6 0 0 2.219
990 330 136 6 0 0 2.239
990 330 136 6 0 0 2.170
1014 338 138 8 0 0 2.126
1014 338 138 8 0 0 2.121
1014 338 138 8 0 0 2.131
1026 342 132 10 0 0 2.121
1026 342 132 10 0 0 2.141
1026 342 132 10 0 0 2.116
1092 364 148 14 0 0 2.111
1092 364 148 14 0 0 2.116
1092 364 148 14 0 0 2.126
1086 362 148 12 0 0 2.102
1086 362 148 12 0 0 2.121
1086 362 148 12 0 0 2.151
1086 362 144 12 0 0 2.136
1086 362 144 12 0 0 2.160
1086 362 144 12 0 0 2.160
1086 362 142 14 0 0 2.141
1086 362 142 14 0 0 2.141
1086 362 142 14 0 0 2.136
1092 364 144 14 0 0 2.131
1092 364 144 14 0 0 2.141
1092 364 144 14 0 0 2.131
1062 354 138 14 0 0 2.131
1062 354 138 14 0 0 2.136
1062 354 138 14 0 0 2.155
1062 354 140 14 0 0 2.141
1062 354 140 14 0 0 2.155
1062 354 140 14 0 0 2.121
1134 378 144 14 0 0 2.087
1134 378 144 14 0 0 2.082
1134 378 144 14 0 0 2.082
1116 372 140 12 0 0 2.087
1116 372 140 12 0 0 2.087
1116 372 140 12 0 0 2.097
1074 358 136 10 0 0 2.107
1074 358 136 10 0 0 2.126
1074 358 136 10 0 0 2.136
1092 364 130 6 0 0 2.131
1092 364 130 6 0 0 2.146
1092 364 130 6 0 0 2.151
1104 368 126 4 0 0 2.146
1104 368 126 4 0 0 2.155
1104 368 126 4 0 0 2.170
1152 384 132 6 0 0 2.155
1152 384 132 6 0 0 2.170
1152 384 132 6 0 0 2.165
1182 394 140 4 0 0 2.160
1182 394 140 4 0 0 2.165
1182 394 140 4 0 0 2.170
1218 406 140 4 0 0 2.155
1218 406 140 4 0 0 2.146
1218 406 140 4 0 0 2.185
1200 400 146 6 0 0 2.165
1200 400 146 6 0 0 2.175
1200 400 146 6 0 0 2.165
1164 388 140 8 0 0 2.165
1164 388 140 8 0 0 2.170
1164 388 140 8 0 0 2.170
1068 356 130 6 0 0 2.155
1068 356 130 6 0 0 2.160
1068 356 130 6 0 0 2.165
1086 362 130 6 0 0 2.155
1086 362 130 6 0 0 2.170
1086 362 130 6 0 0 2.170
1110 370 128 8 0 0 2.160
1110 370 128 8 0 0 2.160
1110 370 128 8 0 0 2.170
1068 356 134 10 2 0 2.160
1068 356 134 10 2 0 2.155
1068 356 134 10 2 0 2.151
1068 356 136 10 2 0 2.126
1068 356 136 10 2 0 2.102
1068 356 136 10 2 0 2.102
1116 372 140 8 2 0 2.092
1116 372 140 8 2 0 2.107
1116 372 140 8 2 0 2.116
1080 360 138 8 2 0 2.116
1080 360 138 8 2 0 2.102
1080 360 138 8 2 0 2.063
1080 360 146 8 2 0 2.063
1080 360 146 8 2 0 2.067
1080 360 146 8 2 0 2.063
1092 364 134 6 2 0 2.038
1092 364 134 6 2 0 2.038
1092 364 134 6 2 0 2.048
1110 370 140 4 2 0 2.053
1110 370 140 4 2 0 2.053
1110 370 140 4 2 0 2.063
1134 378 138 8 2 0 2.053
1134 378 138 8 2 0 2.067
1134 378 138 8 2 0 2.082
1158 386 148 12 2 0 2.072
1158 386 148 12 2 0 2.072
1158 386 148 12 2 0 2.087
1182 394 152 10 2 0 2.077
1182 394 152 10 2 0 2.087
1182 394 152 10 2 0 2.097
1182 394 150 10 0 0 2.097
1182 394 150 10 0 0 2.107
1182 394 150 10 0 0 2.116
1206 402 152 10 0 0 2.121
1206 402 152 10 0 0 2.136
1206 402 152 10 0 0 2.151
1110 370 134 10 0 0 2.151
1110 370 134 10 0 0 2.165
1110 370 134 10 0 0 2.180
1134 378 136 10 0 0 2.170
1134 378 136 10 0 0 2.180
1134 378 136 10 0 0 2.185
1218 406 144 10 0 0 2.175
1218 406 144 10 0 0 2.175
1218 406 144 10 0 0 2.180
1218 406 146 10 0 0 2.151
1218 406 146 10 0 0 2.141
1218 406 146 10 0 0 2.146
1272 424 148 10 0 0 2.141
1272 424 148 10 0 0 2.151
1272 424 148 10 0 0 2.165
1290 430 154 6 0 0 2.165
1290 430 154 6 0 0 2.175
1290 430 154 6 0 0 2.170
1224 408 140 2 0 0 2.146
1224 408 140 2 0 0 2.160
1224 408 140 2 0 0 2.160
1182 394 140 4 0 0 2.165
1182 394 140 4 0 0 2.180
1182 394 140 4 0 0 2.185
1152 384 130 2 0 0 2.175
1152 384 130 2 0 0 2.190
1152 384 130 2 0 0 2.204
1194 398 136 2 0 0 2.185
1194 398 136 2 0 0 2.190
1194 398 136 2 0 0 2.190
1218 406 146 2 0 0 2.185
1218 406 146 2 0 0 2.190
1218 406 146 2 0 0 2.199
1170 390 134 4 0 0 2.180
1170 390 134 4 0 0 2.190
1170 390 134 4 0 0 2.190
1092 364 124 6 0 0 2.180
1092 364 124 6 0 0 2.180
1092 364 124 6 0 0 2.180
1086 362 126 6 0 0 2.180
1086 362 126 6 0 0 2.190
1086 362 126 6 0 0 2.199
1062 354 122 6 0 0 2.185
1062 354 122 6 0 0 2.195
1062 354 122 6 0 0 2.180
1038 346 120 6 0 0 2.180
1038 346 120 6 0 0 2.185
1038 346 120 6 0 0 2.185
1038 346 120 6 0 0 2.175
1038 346 120 6 0 0 2.190
1038 346 120 6 0 0 2.199
1074 358 116 4 0 0 2.185
1074 358 116 4 0 0 2.175
1074 358 116 4 0 0 2.165
1110 370 120 6 0 0 2.155
1110 370 120 6 0 0 2.151
1110 370 120 6 0 0 2.155
1086 362 116 8 0 0 2.141
1086 362 116 8 0 0 2.160
1086 362 116 8 0 0 2.155
1092 364 118 8 0 0 2.146
1092 364 118 8 0 0 2.151
1092 364 118 8 0 0 2.155
1122 374 128 8 2 0 2.146
1122 374 128 8 2 0 2.151
1122 374 128 8 2 0 2.165
1140 380 128 8 4 0 2.151
1140 380 128 8 4 0 2.165
1140 380 128 8 4 0 2.165
1134 378 132 8 4 0 2.146
1134 378 132 8 4 0 2.116
1134 378 132 8 4 0 2.126
1140 380 132 8 4 0 2.131
1140 380 132 8 4 0 2.146
1140 380 132 8 4 0 2.151
1140 380 132 10 4 0 2.146
1140 380 132 10 4 0 2.151
1140 380 132 10 4 0 2.141
1218 406 144 12 4 0 2.116
1218 406 144 12 4 0 2.116
1218 406 144 12 4 0 2.126
1182 394 148 12 4 0 2.111
1182 394 148 12 4 0 2.131
1182 394 148 12 4 0 2.136
1182 394 150 10 4 0 2.136
1182 394 150 10 4 0 2.146
1182 394 150 10 4 0 2.151
1134 378 144 10 4 0 2.136
1134 378 144 10 4 0 2.141
1134 378 144 10 4 0 2.131
1140 380 146 12 4 0 2.126
1140 380 146 12 4 0 2.136
1140 380 146 12 4 0 2.126
1110 370 134 10 2 0 2.121
1110 370 134 10 2 0 2.121
1110 370 134 10 2 0 2.131
1050 350 132 10 0 0 2.121
1050 350 132 10 0 0 2.136
1050 350 132 10 0 0 2.141
1110 370 136 12 0 0 2.141
1110 370 136 12 0 0 2.151
1110 370 136 12 0 0 2.160
1068 356 138 12 0 0 2.151
1068 356 138 12 0 0 2.160
1068 356 138 12 0 0 2.165
1062 354 134 12 0 0 2.155
1062 354 134 12 0 0 2.160
1062 354 134 12 0 0 2.151
1008 336 136 10 0 0 2.146
1008 336 136 10 0 0 2.146
1008 336 136 10 0 0 2.151
984 328 132 12 0 0 2.131
984 328 132 12 0 0 2.151
984 328 132 12 0 0 2.151
972 324 134 12 0 0 2.146
972 324 134 12 0 0 2.151
972 324 134 12 0 0 2.151
948 316 130 10 0 0 2.136
948 316 130 10 0 0 2.151
948 316 130 10 0 0 2.165
894 298 124 8 0 0 2.151
894 298 124 8 0 0 2.165
894 298 124 8 0 0 2.160
948 316 132 10 0 0 2.146
948 316 132 10 0 0 2.151
948 316 132 10 0 0 2.155
1068 356 138 12 0 0 2.151
1068 356 138 12 0 0 2.165
1068 356 138 12 0 0 2.165
1050 350 146 16 0 0 2.136
1050 350 146 16 0 0 2.077
1050 350 146 16 0 0 2.077
1032 344 138 16 0 0 2.067
1080 360 140 16 0 0 2.067
1080 360 132 16 0 0 2.087
1056 352 132 16 0 0 2.102
1062 354 132 16 0 0 2.097
1092 364 140 16 0 0 2.111
1092 364 136 16 0 0 2.107
1050 350 142 14 0 0 2.121
930 310 136 10 0 0 2.131
894 298 116 4 0 0 2.136
882 294 118 6 0 0 2.151
864 288 120 6 0 0 2.146
864 288 120 6 0 0 2.151
864 288 120 6 0 0 2.165
864 288 120 6 0 0 2.175
906 302 118 4 0 0 2.146
906 302 118 4 0 0 2.155
906 302 118 4 0 0 2.160
906 302 114 6 2 0 2.160
906 302 114 6 2 0 2.160
906 302 114 6 2 0 2.175
888 296 104 6 2 0 2.165
888 296 104 6 2 0 2.180
888 296 104 6 2 0 2.160
954 318 108 6 2 0 2.131
954 318 108 6 2 0 2.141
954 318 108 6 2 0 2.151
972 324 108 6 2 0 2.151
972 324 108 6 2 0 2.160
972 324 108 6 2 0 2.170
978 326 106 6 2 0 2.151
978 326 106 6 2 0 2.160
978 326 106 6 2 0 2.126
996 332 106 6 2 0 2.131
996 332 106 6 2 0 2.151
996 332 106 6 2 0 2.165
1056 352 110 8 2 0 2.155
1056 352 110 8 2 0 2.160
1056 352 110 8 2 0 2.160
1044 348 110 6 2 0 2.141
1044 348 110 6 2 0 2.155
1044 348 110 6 2 0 2.136
1044 348 112 6 2 0 2.121
1044 348 112 6 2 0 2.136
1044 348 112 6 2 0 2.146
1038 346 118 8 2 0 2.136
1038 346 118 8 2 0 2.155
1038 346 118 8 2 0 2.155
978 326 110 6 0 0 2.151
978 326 110 6 0 0 2.155
978 326 110 6 0 0 2.155
960 320 110 8 0 0 2.141
960 320 110 8 0 0 2.141
960 320 110 8 0 0 2.155
966 322 114 8 0 0 2.136
966 322 114 8 0 0 2.146
966 322 114 8 0 0 2.160
948 316 106 8 0 0 2.160
948 316 106 8 0 0 2.165
948 316 106 8 0 0 2.170
972 324 118 10 0 0 2.155
972 324 118 10 0 0 2.165
972 324 118 10 0 0 2.165
966 322 126 10 0 0 2.146
966 322 126 10 0 0 2.131
966 322 126 10 0 0 2.126
924 308 128 6 0 0 2.102
924 308 128 6 0 0 2.116
924 308 128 6 0 0 2.111
924 308 136 8 0 0 2.102
924 308 136 8 0 0 2.077
924 308 136 8 0 0 2.053
966 322 142 10 0 0 2.053
966 322 142 10 0 0 2.033
966 322 142 10 0 0 2.023
954 318 140 8 0 0 2.058
954 318 140 8 0 0 2.180
954 318 140 8 0 0 2.326
1002 334 148 10 0 0 2.351
1002 334 148 10 0 0 2.439
1002 334 148 10 0 0 2.444
1044 348 152 8 0 0 2.444
1044 348 152 8 0 0 2.454
1044 348 152 8 0 0 2.478
